     0/299     16.2G      4.23      1.87      1.84      7.93       165       640      0.48     0.326     0.291     0.267      2.95       1.1      1.11
     1/299     16.2G      3.23     0.983      1.01      5.22       152       512     0.353     0.537     0.427     0.364      2.71      1.02     0.889
     2/299     16.2G         3     0.909     0.845      4.75       153       320     0.468     0.659     0.556     0.517      2.53     0.954      0.68
     3/299     16.2G      2.73     0.881     0.722      4.34       165       640      0.39     0.734     0.591     0.503      2.59     0.956     0.632
     4/299     16.2G      2.49     0.852     0.583      3.93       158       384     0.476      0.75     0.625     0.578      2.33      0.98     0.559
     5/299     16.2G      2.36      0.84     0.534      3.74       139       512     0.487     0.782     0.686     0.596      2.17     0.908     0.478
     6/299     16.2G      2.26     0.813      0.44      3.51       174       448     0.496     0.792     0.691     0.604      2.16     0.886     0.467
     7/299     16.2G      2.16     0.763     0.384      3.31       196       640     0.488     0.832     0.723     0.609      2.04     0.875     0.393
     8/299     16.2G      2.13     0.765     0.371      3.26       152       576     0.512      0.83     0.756     0.626      2.04     0.876     0.379
     9/299     16.2G      2.08     0.787     0.349      3.22       132       640     0.519     0.828     0.741     0.626      2.04     0.879     0.354
    10/299     16.2G      2.04     0.736     0.329       3.1       160       576     0.565     0.827     0.776     0.669      1.99     0.836     0.327
    11/299     16.2G      2.03     0.754     0.336      3.12       170       384     0.488     0.859     0.754     0.617      1.93     0.834     0.337
    12/299     16.2G      1.97      0.71     0.282      2.96       166       384     0.565     0.849     0.791     0.676      1.87     0.828     0.294
    13/299     16.2G      1.92     0.719     0.279      2.92       155       448     0.549     0.849     0.785     0.665      1.89     0.818     0.305
    14/299     16.2G      1.92     0.703     0.268      2.89       143       576     0.581     0.854     0.776     0.686      1.87     0.827     0.326
    15/299     16.2G      1.92     0.713     0.288      2.92       153       320     0.562      0.85     0.778     0.674       1.9     0.844     0.322
    16/299     16.2G      1.92     0.734     0.286      2.94       185       640     0.566     0.853     0.791     0.679      1.88      0.83     0.286
    17/299     16.2G      1.87     0.723     0.251      2.84       160       320     0.574     0.852     0.803     0.684      1.83     0.801     0.284
    18/299     16.2G      1.84     0.684     0.238      2.76       145       576     0.607     0.874     0.828      0.71      1.85     0.817     0.258
    19/299     16.2G       1.8     0.655     0.224      2.68       141       576     0.582     0.877     0.807     0.696      1.79     0.816     0.249
    20/299     16.2G      1.81     0.683     0.221      2.71       127       640     0.558     0.872      0.81     0.675      1.84     0.805     0.265
    21/299     16.2G      1.78     0.688     0.216      2.69       151       576     0.602     0.872     0.824      0.71      1.81     0.822     0.261
    22/299     16.2G      1.76     0.673     0.212      2.64       146       448     0.582     0.871     0.825     0.695      1.79     0.814      0.24
    23/299     16.2G      1.76     0.642     0.209      2.61       155       448     0.606     0.876     0.835     0.713      1.71     0.783     0.223
    24/299     16.2G      1.76     0.671     0.208      2.64       136       320     0.595      0.88      0.84     0.707      1.75     0.802      0.23
    25/299     16.2G      1.75     0.668       0.2      2.61       165       384     0.598     0.871     0.805     0.702      1.79     0.818      0.27
    26/299     16.2G      1.72     0.658     0.211      2.59       142       384     0.611     0.883     0.834     0.721      1.75     0.802     0.233
    27/299     16.2G       1.7     0.645     0.197      2.55       150       640     0.631     0.881     0.851     0.733      1.68     0.778      0.23
    28/299     16.2G      1.68     0.622     0.187      2.49       130       320     0.615     0.881     0.844     0.717      1.78     0.806     0.225
    29/299     16.2G      1.68     0.622     0.178      2.48       138       320     0.629     0.896     0.855     0.736      1.68     0.767     0.202
    30/299     16.2G      1.69     0.651     0.183      2.52       150       576     0.623     0.898     0.847      0.73      1.67     0.777     0.209
    31/299     16.2G      1.66     0.624     0.182      2.47       171       640     0.659     0.889     0.859     0.753      1.64     0.742     0.212
    32/299     16.2G      1.63     0.606     0.173      2.41       213       640     0.649       0.9     0.861      0.75      1.66     0.758     0.221
    33/299     16.2G      1.65     0.637     0.183      2.47       182       640     0.645     0.896     0.863     0.748      1.65     0.754     0.189
    34/299     16.2G      1.63     0.612     0.167      2.41       154       576     0.632     0.903     0.857     0.739      1.69     0.779     0.198
    35/299     16.2G      1.64     0.613     0.176      2.43       165       448      0.63     0.898     0.865     0.739      1.64      0.77     0.195
    36/299     16.2G      1.61     0.607     0.166      2.38       191       640     0.645     0.883     0.851     0.742      1.62     0.749      0.21
    37/299     16.2G      1.61     0.604     0.171      2.38       133       320     0.638     0.908     0.864     0.745      1.61     0.747     0.188
    38/299     16.2G       1.6     0.608     0.168      2.37       157       576     0.618     0.888     0.856     0.726      1.66     0.781     0.194
    39/299     16.2G      1.61     0.614     0.163      2.39       211       320     0.645     0.895     0.873     0.748      1.59     0.762     0.202
    40/299     16.2G      1.57     0.591     0.159      2.32       207       576     0.667     0.897     0.872     0.762      1.58     0.739     0.185
    41/299     16.2G      1.61     0.628     0.161       2.4       175       384     0.616     0.904     0.867      0.73      1.67     0.776     0.206
    42/299     16.2G      1.59     0.621     0.171      2.39       176       576     0.671      0.89     0.863     0.763      1.62     0.759     0.192
    43/299     16.2G      1.58     0.601     0.165      2.35       184       512     0.626     0.902     0.872     0.736       1.6     0.756     0.197
    44/299     16.2G      1.55     0.581     0.156      2.29       162       512     0.655     0.908     0.873     0.757      1.56     0.745     0.174
    45/299     16.2G      1.56     0.602      0.16      2.33       156       320     0.655     0.891     0.858     0.753       1.6     0.762     0.189
    46/299     16.2G      1.55     0.605     0.147       2.3       189       576     0.668     0.899     0.871     0.764       1.6     0.763     0.175
    47/299     16.2G      1.53     0.586     0.153      2.27       150       512     0.685     0.899     0.876     0.775      1.57     0.744     0.195
    48/299     16.2G      1.54     0.589     0.154      2.28       158       384     0.687     0.894     0.872     0.776      1.57     0.739     0.192
    49/299     16.2G      1.54     0.608     0.146      2.29       176       448     0.647     0.917      0.88     0.754      1.58     0.755     0.176
    50/299     16.2G      1.54       0.6     0.164       2.3       146       512     0.633     0.907      0.87     0.743      1.56     0.738     0.186
    51/299     16.2G      1.53     0.589     0.148      2.27       137       320     0.661     0.901     0.871     0.761      1.58     0.746     0.172
    52/299     16.2G      1.51     0.601     0.154      2.27       151       384     0.649     0.914     0.868     0.755      1.57     0.752     0.176
    53/299     16.2G      1.51     0.583     0.143      2.23       138       448     0.664      0.91     0.879     0.765      1.56     0.746     0.173
    54/299     16.2G       1.5     0.586     0.141      2.23       177       512     0.656      0.91     0.871     0.758      1.56     0.741     0.178
    55/299     16.2G      1.48      0.57     0.143       2.2       168       384     0.664     0.904     0.875     0.763      1.54     0.724     0.167
    56/299     16.2G       1.5      0.57     0.143      2.21       150       576     0.669     0.907      0.87     0.767      1.51     0.723     0.177
    57/299     16.2G      1.47     0.548     0.139      2.16       156       384     0.668       0.9     0.866     0.765      1.53     0.729     0.193
    58/299     16.2G      1.49     0.582     0.142      2.21       185       512     0.668     0.908      0.87     0.768      1.53      0.73     0.177
    59/299     16.2G      1.48     0.585     0.133      2.19       162       576     0.644     0.915     0.869     0.752      1.53     0.741     0.179
    60/299     16.2G      1.46     0.569     0.136      2.17       141       512     0.653     0.914     0.875     0.758      1.53     0.742     0.177
    61/299     16.2G      1.46      0.56     0.124      2.14       124       448     0.675      0.91     0.873     0.772      1.52      0.75     0.173
    62/299     16.2G      1.46     0.572     0.131      2.16       136       576      0.67     0.907     0.876     0.768      1.53     0.742     0.177
    63/299     16.2G      1.46     0.576      0.14      2.17       156       512     0.667     0.909     0.871     0.767      1.52     0.729     0.178
    64/299     16.2G      1.47     0.584     0.142       2.2       157       576     0.686     0.901     0.873     0.777      1.54     0.737      0.18
    65/299     16.2G      1.44     0.553     0.134      2.13       123       320     0.669     0.907     0.869     0.768      1.51      0.74     0.185
    66/299     16.2G      1.45     0.565     0.141      2.16       145       384     0.666     0.912     0.873     0.768       1.5     0.721     0.169
    67/299     16.2G      1.43      0.54     0.129       2.1       149       640     0.684     0.918     0.884     0.781      1.47     0.721     0.167
    68/299     16.2G      1.43     0.558     0.134      2.13       171       640     0.675     0.908     0.875     0.772       1.5     0.725     0.169
    69/299     16.2G      1.42     0.549     0.132       2.1       159       512     0.683     0.916     0.885     0.778      1.47     0.721     0.158
    70/299     16.2G      1.45     0.569     0.139      2.15       166       384     0.661     0.914     0.866     0.765      1.52      0.75     0.173
    71/299     16.2G      1.44      0.57     0.126      2.14       139       384     0.671     0.906     0.878      0.77       1.5     0.738     0.166
    72/299     16.2G       1.4     0.539     0.126      2.07       175       384     0.673     0.908     0.877      0.77       1.5      0.72     0.156
    73/299     16.2G      1.42     0.553     0.135       2.1       164       576     0.677     0.917     0.881     0.775      1.47     0.713     0.164
    74/299     16.2G      1.38     0.531     0.127      2.04       149       320     0.676     0.912     0.879     0.774      1.45     0.716     0.152
    75/299     16.2G      1.42     0.535     0.125      2.08       158       576     0.693     0.916     0.888     0.786      1.45     0.722     0.155
    76/299     16.2G      1.38     0.534     0.115      2.03       162       512     0.696     0.917     0.891     0.789      1.44     0.711     0.154
    77/299     16.2G      1.39     0.521     0.128      2.04       158       384     0.692     0.913     0.892     0.785      1.44     0.711     0.156
    78/299     16.2G      1.39     0.529     0.123      2.04       159       512     0.683     0.916     0.887      0.78      1.43     0.704     0.152
    79/299     16.2G       1.4     0.561     0.128      2.09       202       320     0.699      0.92     0.889     0.793      1.46     0.714     0.154
    80/299     16.2G      1.39     0.546     0.128      2.06       125       384     0.689     0.914     0.888     0.784      1.46     0.724      0.15
    81/299     16.2G      1.39     0.535     0.118      2.04       141       576     0.678     0.914     0.885     0.776      1.45     0.718     0.144
    82/299     16.2G      1.41     0.559     0.135      2.11       152       448     0.681     0.906     0.883     0.776      1.46     0.721     0.148
    83/299     16.2G      1.38      0.52     0.121      2.02       166       384     0.697     0.915      0.89     0.789      1.44     0.714     0.141
    84/299     16.2G      1.37      0.52     0.122      2.01       125       384     0.701      0.91     0.885     0.791      1.46     0.717      0.15
    85/299     16.2G      1.36     0.524     0.115         2       137       384     0.708     0.911     0.889     0.795      1.44     0.709     0.155
    86/299     16.2G      1.38     0.536     0.132      2.04       136       320     0.692     0.912     0.889     0.784      1.43     0.706     0.151
    87/299     16.2G      1.34     0.522     0.113      1.98       128       384     0.702     0.914      0.89     0.791      1.42     0.709     0.147
    88/299     16.2G      1.38     0.555     0.126      2.06       136       384     0.685     0.912     0.886      0.78      1.44      0.72      0.14
    89/299     16.2G      1.37     0.543     0.125      2.04       140       576      0.68     0.915     0.884     0.778      1.45      0.72     0.142
    90/299     16.2G      1.36     0.538     0.114      2.01       178       448     0.691     0.913     0.889     0.785      1.43     0.707     0.149
    91/299     16.2G      1.32     0.498     0.113      1.93       136       640     0.703     0.914     0.888     0.793      1.41     0.696     0.149
    92/299     16.2G      1.34     0.529     0.124      1.99       161       448     0.699     0.907     0.888     0.788      1.43     0.712     0.149
    93/299     16.2G      1.33     0.521     0.111      1.97       185       640     0.702      0.92     0.892     0.793      1.42     0.706     0.143
    94/299     16.2G      1.32     0.524     0.112      1.96       155       384     0.704     0.913     0.891     0.792      1.43     0.709     0.146
    95/299     16.2G      1.32     0.503     0.117      1.94       130       448     0.713     0.914     0.896     0.799       1.4     0.695     0.144
    96/299     16.2G      1.33     0.525      0.11      1.97       127       448     0.707     0.915     0.893     0.796      1.41     0.701     0.143
    97/299     16.2G      1.32     0.518     0.108      1.95       178       448     0.711     0.922     0.894     0.801      1.41       0.7     0.144
    98/299     16.2G      1.33     0.526     0.117      1.97       189       448     0.711     0.923     0.893     0.802      1.41     0.701     0.142
    99/299     16.2G       1.3     0.507     0.111      1.92       179       512     0.707     0.919     0.896     0.796      1.42     0.702     0.142
   100/299     16.2G      1.31     0.523     0.113      1.95       120       640     0.704     0.922     0.893     0.796      1.42     0.708     0.142
   101/299     16.2G       1.3     0.509     0.108      1.92       167       576     0.707     0.926     0.894     0.799      1.41     0.703     0.138
   102/299     16.2G      1.27     0.477       0.1      1.85       168       320      0.71     0.926     0.898     0.801       1.4     0.696     0.138
   103/299     16.2G      1.29     0.504     0.106       1.9       151       384     0.704     0.923     0.897     0.795      1.39     0.695     0.141
   104/299     16.2G      1.28     0.495    0.0999      1.88       140       512     0.712     0.925     0.897     0.802      1.39     0.699     0.142
   105/299     16.2G      1.29     0.494     0.112       1.9       171       640     0.707     0.921     0.894     0.797      1.38     0.693      0.14
   106/299     16.2G      1.27     0.485    0.0962      1.85       172       512     0.704     0.926     0.897     0.797      1.38     0.693      0.14
   107/299     16.2G      1.29     0.502     0.105       1.9       172       448     0.706     0.922     0.895     0.796      1.37     0.693     0.139
   108/299     16.2G       1.3      0.51     0.111      1.92       141       640     0.707      0.92     0.894     0.797      1.38     0.696     0.139
   109/299     16.2G      1.27     0.467     0.107      1.84       183       512     0.708     0.917     0.892     0.797      1.37     0.683     0.136
   110/299     16.2G      1.26     0.478     0.103      1.84       110       512     0.716      0.92     0.894     0.802      1.36      0.68     0.134
   111/299     16.2G      1.28      0.51     0.105       1.9       140       320      0.71     0.924     0.899       0.8      1.37     0.687     0.134
   112/299     16.2G      1.27     0.494    0.0968      1.86       134       512     0.706     0.917     0.894     0.795      1.37     0.686     0.135
   113/299     16.2G      1.25     0.485    0.0998      1.83       216       512     0.709     0.921     0.896     0.798      1.37     0.689     0.135
   114/299     16.2G      1.26     0.478       0.1      1.84       165       320     0.714     0.925     0.894     0.804      1.36     0.692     0.133
   115/299     16.2G      1.26     0.503    0.0985      1.86       193       384     0.718     0.925     0.895     0.806      1.37     0.694     0.134
   116/299     16.2G      1.27     0.492     0.107      1.87       113       512     0.717     0.925     0.894     0.806      1.36     0.693     0.132
   117/299     16.2G      1.24     0.488    0.0976      1.82       115       384     0.717     0.925     0.896     0.806      1.36      0.69     0.132
   118/299     16.2G      1.25     0.496     0.104      1.85       147       384     0.718     0.925     0.896     0.807      1.36     0.693     0.134
   119/299     16.2G      1.24     0.489     0.108      1.84       199       640      0.72     0.922     0.897     0.807      1.36     0.695     0.134
   120/299     16.2G      1.24     0.492     0.103      1.84       176       320     0.724     0.923     0.898      0.81      1.36     0.696     0.134
   121/299     16.2G      1.25     0.484    0.0971      1.83       172       384     0.725     0.918     0.895     0.809      1.36     0.696     0.134
   122/299     16.2G      1.23     0.481     0.102      1.82       150       320     0.726     0.919     0.898      0.81      1.36     0.691     0.133
   123/299     16.2G      1.25     0.498     0.109      1.85       128       512     0.722     0.919       0.9     0.807      1.36      0.69     0.132
   124/299     16.2G      1.23     0.489     0.114      1.84       174       512     0.723     0.922     0.902     0.809      1.35     0.686     0.132
   125/299     16.2G      1.23     0.462    0.0906      1.78       148       448     0.719     0.923     0.903     0.807      1.34      0.68     0.131
   126/299     16.2G      1.22     0.477    0.0962      1.79       139       640     0.716     0.921     0.901     0.804      1.34     0.679     0.132
   127/299     16.2G      1.24     0.493    0.0988      1.83       158       640     0.718     0.921     0.901     0.805      1.34     0.681     0.131
   128/299     16.2G       1.2     0.465    0.0981      1.77       170       448     0.718     0.925       0.9     0.806      1.34      0.68     0.131
   129/299     16.2G      1.21     0.494    0.0954       1.8       167       320     0.721     0.923     0.898     0.808      1.34     0.683      0.13
   130/299     16.2G      1.21     0.476    0.0994      1.79       163       640     0.718     0.924     0.897     0.806      1.34     0.685     0.128
   131/299     16.2G       1.2     0.474    0.0919      1.77       165       320      0.72     0.925     0.897     0.807      1.34     0.684     0.128
   132/299     16.2G      1.18     0.452    0.0874      1.72       144       448     0.721     0.927     0.899     0.809      1.34     0.681     0.128
   133/299     16.2G      1.19     0.468     0.101      1.76       150       576      0.72     0.925     0.897     0.808      1.34     0.682     0.129
   134/299     16.2G      1.18     0.463    0.0902      1.74       164       512     0.722     0.922     0.894     0.808      1.33     0.681     0.129
   135/299     16.2G      1.18     0.476    0.0952      1.75       117       320     0.723     0.928     0.897     0.811      1.33     0.681     0.129
   136/299     16.2G      1.17      0.44    0.0897       1.7       179       512     0.724     0.927       0.9     0.811      1.33     0.678     0.127
   137/299     16.2G       1.2     0.478    0.0905      1.77       136       448     0.723     0.927     0.899      0.81      1.33      0.68     0.127
   138/299     16.2G      1.18     0.464      0.09      1.73       140       640     0.719     0.926       0.9     0.807      1.33      0.68     0.126
   139/299     16.2G      1.17     0.464    0.0958      1.73       149       640     0.719     0.925     0.898     0.807      1.33      0.68     0.126
   140/299     16.2G      1.17     0.453    0.0916      1.72       166       576     0.722     0.926     0.899     0.809      1.33     0.679     0.124
   141/299     16.2G      1.17     0.464    0.0851      1.72       180       640     0.726     0.926     0.898     0.812      1.33     0.678     0.124
   142/299     16.2G      1.17     0.468    0.0904      1.73       134       384     0.722     0.923     0.897     0.809      1.33     0.678     0.124
   143/299     16.2G      1.16     0.453    0.0902      1.71       134       384     0.721     0.925     0.897     0.808      1.33     0.677     0.124
   144/299     16.2G      1.16     0.454    0.0875       1.7       177       320     0.723     0.925     0.898     0.809      1.33     0.676     0.124
   145/299     16.2G      1.15     0.449    0.0849      1.69       162       512     0.724     0.922     0.894     0.809      1.33     0.675     0.123
   146/299     16.2G      1.15     0.453    0.0836      1.68       159       576      0.72     0.916     0.894     0.805      1.32     0.675     0.123
   147/299     16.2G      1.16     0.456    0.0912       1.7       194       576      0.72     0.917     0.893     0.805      1.32     0.676     0.124
   148/299     16.2G      1.13     0.441     0.081      1.65       156       320      0.72     0.918     0.894     0.805      1.32     0.676     0.124
   149/299     16.2G      1.14     0.436    0.0861      1.66       176       576     0.722      0.92     0.895     0.807      1.32     0.677     0.124
   150/299     16.2G      1.13     0.445    0.0893      1.67       148       512     0.724     0.919     0.895     0.808      1.32     0.678     0.125
   151/299     16.2G      1.13      0.44    0.0859      1.65       139       320     0.721     0.919     0.896     0.806      1.32     0.678     0.125
   152/299     16.2G      1.13     0.441    0.0898      1.67       154       576     0.722     0.916     0.896     0.806      1.32     0.679     0.125
   153/299     16.2G      1.13     0.447    0.0819      1.66       125       512     0.722     0.916     0.896     0.806      1.32      0.68     0.125
   154/299     16.2G      1.13     0.451    0.0858      1.67       133       512     0.724     0.918     0.897     0.808      1.32     0.681     0.124
   155/299     16.2G      1.13     0.456    0.0932      1.68       148       640     0.724     0.916     0.898     0.807      1.32     0.682     0.125
   156/299     16.2G      1.11     0.441     0.085      1.64       150       384     0.723     0.916     0.899     0.807      1.32     0.681     0.125
   157/299     16.2G      1.12      0.44    0.0853      1.65       192       512     0.723     0.916     0.899     0.807      1.32     0.681     0.124
   158/299     16.2G      1.11      0.43    0.0811      1.62       176       384     0.725     0.916       0.9     0.808      1.32     0.681     0.124
   159/299     16.2G      1.11     0.437    0.0829      1.63       134       448     0.726     0.923       0.9     0.811      1.32      0.68     0.124
   160/299     16.2G       1.1     0.416     0.085       1.6       175       576     0.727     0.923       0.9     0.811      1.32     0.679     0.123
   161/299     16.2G       1.1     0.437    0.0796      1.62       120       384     0.725     0.919       0.9     0.809      1.31     0.679     0.123
   162/299     16.2G      1.09     0.414    0.0789      1.58       160       576     0.729     0.917       0.9     0.811      1.31     0.678     0.123
   163/299     16.2G      1.08     0.412    0.0778      1.57       159       576     0.728     0.915       0.9      0.81      1.31     0.678     0.123
   164/299     16.2G      1.07     0.411    0.0783      1.56       164       320     0.732     0.918     0.902     0.814      1.31     0.678     0.123
   165/299     16.2G      1.09     0.425    0.0784      1.59       168       640     0.731     0.914     0.901     0.811      1.31     0.679     0.123
   166/299     16.2G      1.06     0.406    0.0753      1.54       145       640     0.731     0.915     0.902     0.812      1.31     0.679     0.122
   167/299     16.2G      1.08     0.408    0.0785      1.57       120       448     0.732     0.914     0.901     0.812      1.31     0.679     0.123
   168/299     16.2G      1.09     0.433    0.0803       1.6       146       576     0.732     0.914     0.901     0.812      1.31     0.679     0.122
   169/299     16.2G      1.08     0.422    0.0763      1.57       157       448     0.732     0.914     0.901     0.812      1.31      0.68     0.122
   170/299     16.2G      1.07     0.419    0.0786      1.57       156       512     0.732     0.916     0.901     0.812      1.31      0.68     0.122
   171/299     16.2G      1.06     0.422    0.0782      1.56       144       512     0.733     0.916     0.901     0.813      1.31      0.68     0.122
   172/299     16.2G      1.05     0.423    0.0785      1.56       174       384     0.734     0.916     0.901     0.814      1.31     0.681     0.122
   173/299     16.2G      1.05     0.407    0.0723      1.53       158       512     0.732     0.915     0.899     0.812      1.31     0.681     0.122
   174/299     16.2G      1.04     0.392    0.0701       1.5       151       384     0.734     0.917     0.899     0.814       1.3      0.68     0.122
   175/299     16.2G      1.05     0.418    0.0784      1.54       190       448     0.735     0.917       0.9     0.814       1.3      0.68     0.122
   176/299     16.2G      1.05     0.426    0.0803      1.56       158       576     0.734     0.916       0.9     0.813      1.31     0.681     0.122
   177/299     16.2G      1.04     0.398    0.0668      1.51       137       320     0.734     0.916       0.9     0.814       1.3     0.681     0.122
   178/299     16.2G      1.04     0.402    0.0743      1.52       138       640     0.735     0.916       0.9     0.814       1.3     0.681     0.121
   179/299     16.2G      1.05     0.416    0.0774      1.54       162       576     0.735     0.916       0.9     0.815       1.3     0.681     0.121
   180/299     16.2G      1.03     0.411    0.0684      1.51       122       640     0.736     0.917     0.902     0.815       1.3     0.681     0.121
   181/299     16.2G      1.04     0.433     0.071      1.55       183       448     0.735     0.917     0.902     0.815       1.3     0.681     0.121
   182/299     16.2G      1.03      0.41     0.076      1.52       176       384     0.735     0.917     0.902     0.815       1.3     0.682      0.12
   183/299     16.2G      1.02     0.407    0.0722       1.5       156       512     0.735     0.918     0.902     0.815       1.3     0.682      0.12
   184/299     16.2G      1.03     0.405    0.0708      1.51       159       384     0.736     0.918     0.902     0.815       1.3     0.682      0.12
   185/299     16.2G      1.03     0.402    0.0691       1.5       165       640     0.737     0.921     0.903     0.817       1.3     0.682      0.12
   186/299     16.2G      1.02      0.41     0.071       1.5       151       640     0.737     0.921     0.903     0.817       1.3     0.682      0.12
   187/299     16.2G      1.01      0.39     0.068      1.47       165       320     0.736     0.919     0.903     0.816       1.3     0.682     0.119
   188/299     16.2G     0.989     0.378    0.0631      1.43       136       384     0.739     0.923     0.906      0.82       1.3     0.682     0.119
   189/299     16.2G      1.01     0.405    0.0696      1.49       125       384     0.739     0.922     0.906     0.819       1.3     0.682     0.119
   190/299     16.2G         1     0.388    0.0699      1.46       171       576     0.739     0.922     0.906     0.819       1.3     0.682     0.119
   191/299     16.2G      0.99     0.383    0.0688      1.44       157       640     0.739     0.922     0.906     0.819       1.3     0.682     0.119
   192/299     16.2G     0.992     0.401    0.0679      1.46       167       576      0.74     0.922     0.906     0.819       1.3     0.682     0.119
   193/299     16.2G      1.01      0.41    0.0721      1.49       126       448      0.74     0.922     0.906      0.82       1.3     0.683     0.118
   194/299     16.2G     0.987     0.389    0.0643      1.44       167       640     0.741     0.922     0.906      0.82       1.3     0.683     0.118
   195/299     16.2G     0.981     0.389    0.0638      1.43       130       640     0.743     0.922     0.907     0.821       1.3     0.683     0.118
   196/299     16.2G      0.99     0.392    0.0679      1.45       148       320     0.742     0.922     0.906      0.82       1.3     0.683     0.118
   197/299     16.2G     0.974     0.392    0.0642      1.43       136       576     0.742     0.922     0.906     0.821       1.3     0.683     0.118
   198/299     16.2G      0.99     0.403     0.074      1.47       153       512     0.742     0.922     0.906     0.821       1.3     0.684     0.118
   199/299     16.2G     0.963     0.388    0.0655      1.42       158       512     0.743     0.922     0.906     0.821       1.3     0.684     0.118
   200/299     16.2G     0.975     0.387    0.0652      1.43       180       448     0.744     0.922     0.906     0.822       1.3     0.685     0.118
   201/299     16.2G     0.978     0.401    0.0657      1.45       159       384     0.744     0.922     0.906     0.822       1.3     0.685     0.118
   202/299     16.2G     0.974     0.386    0.0658      1.43       171       640     0.744     0.922     0.906     0.822       1.3     0.685     0.118
   203/299     16.2G     0.964     0.386    0.0656      1.42       160       384     0.744     0.923     0.906     0.822       1.3     0.686     0.118
   204/299     16.2G      0.95     0.373    0.0659      1.39       187       576     0.745     0.923     0.906     0.823       1.3     0.686     0.118
   205/299     16.2G     0.934     0.358    0.0575      1.35       167       512     0.746     0.924     0.907     0.824       1.3     0.686     0.118
   206/299     16.2G      0.94     0.354    0.0618      1.36       183       576     0.746     0.925     0.907     0.824       1.3     0.686     0.118
   207/299     16.2G     0.944     0.377     0.059      1.38       147       384     0.746     0.925     0.906     0.824       1.3     0.687     0.118
   208/299     16.2G     0.932     0.368    0.0584      1.36       153       576     0.746     0.925     0.906     0.824       1.3     0.687     0.117
   209/299     16.2G     0.929     0.361    0.0605      1.35       146       512     0.746     0.924     0.906     0.824       1.3     0.687     0.117
   210/299     16.2G     0.935     0.371    0.0618      1.37       120       448     0.746     0.924     0.907     0.823       1.3     0.687     0.117
   211/299     16.2G     0.929     0.372    0.0596      1.36       197       576     0.746     0.923     0.906     0.823       1.3     0.688     0.117
   212/299     16.2G     0.927     0.372     0.057      1.36       151       384     0.747     0.923     0.906     0.824      1.29     0.688     0.117
   213/299     16.2G     0.932     0.369    0.0611      1.36       116       512     0.747     0.923     0.907     0.824      1.29     0.688     0.117
   214/299     16.2G     0.913     0.363    0.0613      1.34       182       640     0.749     0.924     0.907     0.826      1.29     0.688     0.117
   215/299     16.2G     0.915     0.361    0.0611      1.34       157       384     0.749     0.921     0.905     0.824      1.29     0.689     0.117
   216/299     16.2G     0.927     0.377    0.0637      1.37       152       448     0.749     0.921     0.905     0.825      1.29     0.689     0.116
   217/299     16.2G     0.914     0.358    0.0552      1.33       147       320     0.749     0.922     0.906     0.825      1.29     0.689     0.116
   218/299     16.2G     0.914     0.353    0.0598      1.33       175       576      0.75     0.922     0.906     0.825      1.29     0.689     0.116
   219/299     16.2G     0.904     0.354    0.0592      1.32       116       320      0.75     0.921     0.906     0.825      1.29     0.689     0.116
   220/299     16.2G     0.898     0.352    0.0534       1.3       160       384     0.751     0.921     0.906     0.825      1.29      0.69     0.116
   221/299     16.2G     0.909      0.37    0.0545      1.33       180       640     0.752     0.923     0.907     0.827      1.29      0.69     0.116
   222/299     16.2G     0.899     0.351    0.0559      1.31       155       576     0.752     0.923     0.907     0.827      1.29     0.691     0.116
   223/299     16.2G      0.91     0.369    0.0583      1.34       136       640     0.752     0.923     0.907     0.827      1.29     0.691     0.116
   224/299     16.2G     0.896     0.351     0.057       1.3       145       448     0.752     0.921     0.907     0.826      1.29     0.691     0.116
   225/299     16.2G     0.901     0.364    0.0601      1.32       144       576     0.752     0.921     0.907     0.826      1.29     0.692     0.115
   226/299     16.2G     0.892     0.355    0.0576       1.3       179       640     0.752     0.921     0.907     0.826      1.29     0.692     0.115
   227/299     16.2G     0.885     0.346    0.0551      1.29       155       320     0.753     0.921     0.907     0.827      1.29     0.693     0.115
   228/299     16.2G     0.889     0.357    0.0533       1.3       125       576     0.753     0.921     0.907     0.827      1.29     0.693     0.115
   229/299     16.2G     0.886     0.351    0.0551      1.29       137       384     0.753     0.921     0.907     0.827      1.29     0.693     0.115
   230/299     16.2G     0.882     0.351    0.0573      1.29       157       320     0.753     0.921     0.908     0.827      1.29     0.694     0.115
   231/299     16.2G     0.883     0.356     0.055      1.29       135       384     0.754     0.924     0.908     0.828      1.29     0.694     0.115
   232/299     16.2G     0.866      0.34    0.0566      1.26       177       576     0.754     0.924     0.908     0.828      1.29     0.694     0.115
   233/299     16.2G     0.873     0.354    0.0565      1.28       160       320     0.753     0.921     0.908     0.827      1.29     0.695     0.115
   234/299     16.2G     0.861     0.343    0.0535      1.26       150       576     0.752     0.918     0.906     0.825      1.29     0.695     0.115
   235/299     16.2G     0.863     0.341    0.0552      1.26       150       320     0.753     0.918     0.906     0.826      1.29     0.695     0.115
   236/299     16.2G     0.853     0.331    0.0505      1.23       152       576     0.753     0.919     0.906     0.826      1.29     0.695     0.115
   237/299     16.2G     0.862     0.348     0.058      1.27       125       640     0.753     0.919     0.907     0.826      1.29     0.696     0.114
   238/299     16.2G     0.861     0.338    0.0536      1.25       140       448     0.753     0.919     0.907     0.826      1.29     0.696     0.114
   239/299     16.2G     0.854     0.341     0.051      1.25       182       640     0.753     0.919     0.907     0.826      1.29     0.696     0.114
   240/299     16.2G     0.852     0.337    0.0513      1.24       155       512     0.754     0.919     0.907     0.826      1.29     0.697     0.114
   241/299     16.2G     0.852     0.344    0.0547      1.25       164       576     0.755      0.92     0.907     0.828      1.29     0.697     0.114
   242/299     16.2G     0.859     0.351    0.0527      1.26       160       320     0.755      0.92     0.907     0.828      1.29     0.697     0.114
   243/299     16.2G     0.852     0.345    0.0541      1.25       131       448     0.755      0.92     0.907     0.828      1.29     0.698     0.114
   244/299     16.2G     0.838     0.334     0.049      1.22       147       512     0.756      0.92     0.907     0.828      1.29     0.698     0.114
   245/299     16.2G     0.838     0.332    0.0513      1.22       240       576     0.755     0.917     0.905     0.826      1.29     0.699     0.113
   246/299     16.2G     0.831     0.331    0.0516      1.21       165       512     0.753     0.915     0.903     0.825      1.29     0.699     0.113
   247/299     16.2G     0.839     0.333    0.0523      1.22       175       512     0.754     0.915     0.904     0.825      1.29     0.699     0.113
   248/299     16.2G     0.834     0.321    0.0517      1.21       119       384     0.754     0.914     0.904     0.825      1.29     0.699     0.113
   249/299     16.2G     0.833      0.33    0.0501      1.21       149       448     0.755     0.914     0.904     0.825      1.29       0.7     0.113
   250/299     16.2G     0.837     0.322    0.0518      1.21       152       512     0.756     0.917     0.907     0.827      1.29       0.7     0.113
   251/299     16.2G     0.817     0.316    0.0459      1.18       149       640     0.757     0.916     0.906     0.828      1.29       0.7     0.113
   252/299     16.2G     0.824     0.326    0.0505       1.2       135       384     0.757     0.916     0.906     0.828      1.29       0.7     0.113
   253/299     16.2G      0.83     0.328    0.0494      1.21       176       512     0.757     0.916     0.906     0.828      1.29       0.7     0.113
   254/299     16.2G     0.818     0.322    0.0447      1.18       146       384     0.758     0.916     0.906     0.828      1.29     0.701     0.113
   255/299     16.2G      0.82     0.319    0.0496      1.19       133       576     0.758     0.916     0.906     0.829      1.29     0.701     0.113
   256/299     16.2G     0.799     0.312    0.0441      1.16       133       512     0.759     0.916     0.906     0.829      1.29     0.701     0.112
   257/299     16.2G      0.82      0.34    0.0521      1.21       150       384     0.759     0.916     0.906     0.829      1.29     0.702     0.112
   258/299     16.2G     0.811     0.318    0.0498      1.18       174       320     0.759     0.915     0.906     0.829      1.29     0.702     0.112
   259/299     16.2G     0.815     0.324    0.0479      1.19       166       512     0.759     0.915     0.906     0.829      1.29     0.702     0.112
   260/299     16.2G     0.805     0.319    0.0489      1.17       128       512     0.759     0.915     0.906     0.828      1.29     0.703     0.112
   261/299     16.2G     0.811      0.32    0.0439      1.17       202       384     0.759     0.915     0.906     0.828      1.29     0.703     0.112
   262/299     16.2G     0.801     0.319    0.0454      1.17       171       512     0.759     0.915     0.907     0.828      1.29     0.703     0.112
   263/299     16.2G     0.782     0.298    0.0446      1.12       124       320     0.759     0.915     0.907     0.829      1.29     0.703     0.112
   264/299     16.2G     0.792     0.315    0.0468      1.15       146       384      0.76     0.915     0.907     0.829      1.29     0.704     0.112
   265/299     16.2G     0.789     0.308    0.0454      1.14       146       640      0.76     0.915     0.906     0.829      1.29     0.704     0.112
   266/299     16.2G     0.784     0.306    0.0464      1.14       161       576      0.76     0.915     0.906     0.829      1.29     0.705     0.112
   267/299     16.2G     0.779     0.301    0.0475      1.13       143       448     0.761     0.915     0.906     0.829      1.29     0.705     0.112
   268/299     16.2G     0.786     0.302    0.0475      1.14       167       384     0.763     0.918     0.908     0.832      1.29     0.705     0.112
   269/299     16.2G     0.796     0.315    0.0472      1.16       172       448     0.761     0.915     0.907      0.83      1.29     0.706     0.111
   270/299     16.2G     0.795     0.315    0.0497      1.16       142       512     0.762     0.915     0.907      0.83      1.29     0.706     0.111
   271/299     16.2G     0.786     0.305    0.0437      1.13       166       640     0.762     0.915     0.908      0.83      1.29     0.706     0.111
   272/299     16.2G     0.797      0.32    0.0479      1.17       153       640     0.762     0.915     0.908      0.83      1.29     0.707     0.111
   273/299     16.2G     0.789     0.318    0.0466      1.15       191       384     0.762     0.915     0.908      0.83      1.29     0.707     0.111
   274/299     16.2G     0.777     0.296    0.0448      1.12       155       512     0.763     0.915     0.908     0.831      1.29     0.708     0.111
   275/299     16.2G     0.777     0.303    0.0469      1.13       179       384     0.763     0.915     0.908     0.831      1.29     0.708     0.111
   276/299     16.2G      0.78     0.311    0.0438      1.13       167       512     0.765     0.918     0.909     0.833      1.29     0.709     0.111
   277/299     16.2G     0.777     0.299    0.0457      1.12       150       448     0.765     0.918     0.909     0.833      1.29     0.709     0.111
   278/299     16.2G     0.779     0.295    0.0469      1.12       205       576     0.765     0.918     0.909     0.833      1.29     0.709     0.111
   279/299     16.2G     0.792     0.319    0.0486      1.16       168       512     0.765     0.918     0.909     0.833      1.29      0.71     0.111
   280/299     16.2G     0.768     0.303    0.0459      1.12       129       320     0.766     0.918     0.909     0.834      1.29      0.71     0.111
   281/299     16.2G     0.766     0.298     0.042      1.11       143       320     0.766     0.918     0.909     0.834      1.29      0.71     0.111
   282/299     16.2G     0.764     0.295    0.0409       1.1       131       640     0.766     0.918     0.909     0.834      1.29     0.711     0.111
   283/299     16.2G     0.763     0.297    0.0409       1.1       135       640     0.767     0.918     0.909     0.834      1.29     0.711     0.111
   284/299     16.2G     0.763     0.291     0.046       1.1       143       320     0.767     0.918     0.909     0.834      1.29     0.711     0.111
   285/299     16.2G     0.772     0.297    0.0474      1.12       200       512     0.765     0.915     0.908     0.832      1.29     0.712     0.111
   286/299     16.2G     0.761     0.295    0.0435       1.1       162       320     0.767     0.915     0.908     0.833      1.29     0.712     0.111
   287/299     16.2G     0.775      0.31    0.0431      1.13       148       320     0.767     0.915     0.908     0.833      1.29     0.713     0.111
   288/299     16.2G     0.763     0.293    0.0406       1.1       139       640     0.766     0.915     0.908     0.833      1.29     0.713     0.111
   289/299     16.2G     0.768     0.304    0.0445      1.12       170       320     0.767     0.915     0.908     0.833      1.29     0.713     0.111
   290/299     16.2G     0.769     0.304    0.0464      1.12       126       512     0.767     0.915     0.908     0.833      1.29     0.714     0.111
   291/299     16.2G     0.758     0.294    0.0412      1.09       143       512     0.767     0.915     0.908     0.834      1.29     0.714     0.111
   292/299     16.2G     0.773     0.295     0.047      1.12       151       448     0.768     0.915     0.908     0.834      1.29     0.714     0.111
   293/299     16.2G     0.765     0.298     0.047      1.11       131       640     0.769     0.915     0.908     0.834      1.29     0.715     0.111
   294/299     16.2G     0.743     0.279    0.0415      1.06       211       512     0.769     0.915     0.908     0.834      1.29     0.715     0.111
   295/299     16.2G     0.748     0.291    0.0415      1.08       165       384     0.769     0.915     0.908     0.834      1.29     0.715     0.111
   296/299     16.2G     0.744     0.274    0.0422      1.06       149       448      0.77     0.915     0.908     0.835      1.29     0.716     0.111
   297/299     16.2G     0.758     0.293    0.0432      1.09       162       640     0.771     0.915     0.908     0.835      1.29     0.716     0.111
   298/299     16.2G     0.751     0.285    0.0444      1.08       144       576     0.771     0.915     0.908     0.836      1.29     0.716      0.11
   299/299     16.2G     0.744     0.286    0.0406      1.07       195       640     0.772     0.915     0.908     0.836      1.29     0.716      0.11
